# Puntos de manos reales: salida de hand_landmarker.task (MediaPipe) sobre fotos libres de Wikimedia Commons.
# Las fotos no están en el repo; cada línea dice de cuál salió (título, autor, licencia).
# nombre ancho alto  21×(x y z) imagen  21×(x y z) metros
# 424TH_Air_Base_Squadron_on_range_indoor_M9_pistol_.jpg: File:424TH Air Base Squadron on range indoor-M9 pistol and M4 rifle (6357459).jpg · U.S. Army photo by Pascal Demeuldre · Public domain · https://commons.wikimedia.org/wiki/File:424TH_Air_Base_Squadron_on_range_indoor-M9_pistol_and_M4_rifle_(6357459).jpg
424TH_Air_Base_Squadron_on_ran 960 1438 0.63246 0.47130 -0.00000 0.63864 0.44968 0.00501 0.65497 0.44142 0.00776 0.67235 0.44268 0.00905 0.68104 0.44920 0.01079 0.68440 0.44024 0.00937 0.69438 0.44172 0.01472 0.68872 0.44526 0.01766 0.68075 0.44746 0.01894 0.69354 0.45396 0.00657 0.69438 0.45585 0.01383 0.68600 0.45737 0.01381 0.67644 0.45877 0.01224 0.69536 0.46786 0.00448 0.69435 0.46910 0.00890 0.68658 0.47018 0.00784 0.67714 0.47188 0.00569 0.69337 0.48094 0.00281 0.69210 0.48492 0.00609 0.68609 0.48668 0.00762 0.67886 0.48829 0.00846 -0.03674 0.01022 -0.03005 -0.03109 -0.00818 -0.01740 -0.02008 -0.01177 0.00013 -0.01018 -0.00749 0.01877 -0.00269 -0.00157 0.03743 -0.00358 -0.00645 -0.00033 -0.00075 -0.01012 0.01994 -0.00206 -0.01277 0.03380 -0.00769 -0.01188 0.03521 -0.00123 -0.00198 0.00163 -0.00038 -0.00334 0.01773 -0.00810 -0.00465 0.02643 -0.00838 -0.00375 0.02773 0.00449 0.00340 0.00037 -0.00212 0.00515 0.01848 -0.00545 0.00927 0.02663 -0.00966 0.01067 0.02838 -0.00210 0.01089 0.00179 -0.00272 0.02220 0.01675 -0.00509 0.03038 0.02467 -0.01148 0.03415 0.02268
# Closed_fist.jpg: File:Closed fist.jpg · Cedar Tree · CC BY-SA 4.0 · https://commons.wikimedia.org/wiki/File:Closed_fist.jpg
Closed_fist 960 1280 0.54580 0.71028 -0.00000 0.45166 0.65484 -0.06265 0.38382 0.57230 -0.09700 0.43745 0.49286 -0.13087 0.53593 0.46484 -0.15224 0.37791 0.48689 -0.00988 0.36817 0.41934 -0.07809 0.38349 0.47343 -0.12017 0.40147 0.50549 -0.14128 0.46262 0.48159 -0.00586 0.45774 0.40929 -0.07236 0.46847 0.48117 -0.09123 0.47756 0.51421 -0.09105 0.54488 0.49000 -0.01680 0.54357 0.41751 -0.07775 0.53879 0.48182 -0.06618 0.53425 0.51495 -0.04450 0.62046 0.50949 -0.03528 0.60841 0.45891 -0.06808 0.60323 0.49516 -0.05949 0.60302 0.52046 -0.04552 0.01409 0.08971 -0.01034 -0.01679 0.06794 -0.02806 -0.02294 0.03841 -0.03307 -0.01653 0.00661 -0.03818 0.00960 -0.01019 -0.02906 -0.03198 0.00037 -0.00349 -0.03364 -0.01774 -0.02070 -0.02927 -0.01122 -0.03280 -0.02715 0.00647 -0.03214 -0.00655 -0.00382 0.00638 -0.00642 -0.02977 -0.02485 -0.00829 -0.00765 -0.04427 -0.00746 0.00590 -0.02740 0.02207 -0.00180 0.00385 0.01891 -0.02132 -0.02669 0.01451 -0.00371 -0.04216 0.01266 0.01040 -0.03230 0.03836 0.01049 -0.00331 0.03607 -0.00783 -0.01990 0.03416 0.00153 -0.03753 0.03312 0.01303 -0.03886
# Fresh_and_ripe_strawberry_resting_in_an_open_palm_.jpg: File:Fresh and ripe strawberry resting in an open palm surrounded by natural light.jpg · Shixart1985 · CC BY 2.0 · https://commons.wikimedia.org/wiki/File:Fresh_and_ripe_strawberry_resting_in_an_open_palm_surrounded_by_natural_light.jpg
Fresh_and_ripe_strawberry_rest 960 641 0.61368 0.87794 0.00000 0.43034 0.85153 -0.04107 0.30934 0.74803 -0.04284 0.25750 0.59046 -0.04166 0.24595 0.47044 -0.03572 0.38355 0.54056 0.03761 0.35905 0.35327 0.01522 0.35813 0.23215 -0.01736 0.36189 0.12917 -0.04055 0.46676 0.48456 0.04044 0.43703 0.27244 0.02767 0.42081 0.14941 0.00183 0.40518 0.04869 -0.01711 0.53876 0.46438 0.03136 0.50892 0.25588 0.01042 0.48391 0.13509 -0.00239 0.47366 0.04023 -0.00786 0.63216 0.47795 0.01630 0.60316 0.29815 0.00024 0.57839 0.19663 0.00044 0.55967 0.10150 0.00310 0.02725 0.07506 -0.04546 -0.00592 0.05897 -0.03904 -0.03095 0.04264 -0.02571 -0.05202 0.01603 -0.00199 -0.06045 -0.00801 0.00701 -0.02662 0.00785 0.00692 -0.02866 -0.02074 0.00758 -0.02684 -0.04213 -0.00500 -0.03236 -0.05605 -0.03276 -0.00537 -0.00041 0.00936 -0.01234 -0.03627 -0.00091 -0.02228 -0.05540 -0.01767 -0.03046 -0.07587 -0.03307 0.01485 -0.00717 -0.00456 0.00615 -0.03589 -0.01018 -0.00256 -0.05954 -0.02194 -0.01061 -0.07835 -0.03357 0.03154 0.00036 -0.01825 0.03128 -0.02455 -0.01548 0.02188 -0.04487 -0.01631 0.01185 -0.06490 -0.01951
# Hand_in_closed_fist_black_background.jpg: File:Hand in closed fist black background.jpg · Author:Franklin Vera Pacheco · CC BY-SA 3.0 · https://commons.wikimedia.org/wiki/File:Hand_in_closed_fist_black_background.jpg
Hand_in_closed_fist_black_back 960 640 0.45121 0.65570 -0.00000 0.29177 0.56945 -0.14514 0.21263 0.41987 -0.27413 0.24294 0.30403 -0.38287 0.34267 0.23910 -0.49449 0.33218 0.50791 -0.35117 0.34606 0.26065 -0.48081 0.35383 0.30016 -0.53423 0.35200 0.36011 -0.56211 0.45129 0.52389 -0.33707 0.54797 0.21660 -0.47746 0.50417 0.33147 -0.51007 0.44252 0.44918 -0.52640 0.57162 0.54539 -0.32498 0.66278 0.23578 -0.45395 0.60496 0.40596 -0.48269 0.53888 0.56967 -0.49520 0.68122 0.59055 -0.31963 0.75272 0.36800 -0.44065 0.70197 0.47008 -0.48875 0.63469 0.59555 -0.51764 0.00284 0.01915 0.09516 -0.01576 0.00990 0.06522 -0.01560 0.00493 0.04408 -0.01571 -0.00702 0.00704 -0.00232 -0.01454 -0.01102 -0.01077 -0.00067 -0.00366 -0.00204 -0.01321 -0.02588 0.00093 -0.01676 -0.03110 0.00610 -0.01039 -0.03565 -0.00082 -0.00199 -0.00114 0.02102 -0.01638 -0.03020 0.01884 -0.01721 -0.04373 0.01645 -0.00499 -0.03970 0.00586 -0.00051 0.00051 0.02412 -0.02099 -0.02291 0.02052 -0.01387 -0.02715 0.01523 0.00263 -0.02383 0.01412 -0.00414 0.01031 0.03160 -0.01473 0.00058 0.03019 -0.00714 -0.00822 0.02370 -0.00036 -0.00988
# Open_Palm_of_the_Left_Hand_Fingers.jpg: File:Open Palm of the Left Hand, Fingers.jpg · Eyefive45 · CC BY-SA 4.0 · https://commons.wikimedia.org/wiki/File:Open_Palm_of_the_Left_Hand,_Fingers.jpg
Open_Palm_of_the_Left_Hand_Fin 960 720 0.22255 0.88884 0.00000 0.11915 0.68247 -0.16896 0.12146 0.47959 -0.27531 0.13579 0.31554 -0.36205 0.13092 0.11424 -0.45477 0.42755 0.39731 -0.20155 0.57653 0.24874 -0.28888 0.67638 0.15536 -0.36742 0.77341 0.07660 -0.43265 0.50795 0.52276 -0.18927 0.68117 0.35839 -0.28172 0.80218 0.25234 -0.37497 0.91474 0.15579 -0.45155 0.54696 0.65444 -0.19087 0.71134 0.51449 -0.27892 0.81766 0.41879 -0.36091 0.91827 0.32393 -0.42741 0.56889 0.79905 -0.20621 0.69369 0.71006 -0.28963 0.77115 0.62336 -0.35282 0.85041 0.52940 -0.40704 -0.06676 0.05446 0.01852 -0.06706 0.02039 0.00542 -0.06759 -0.00346 0.00116 -0.06217 -0.03301 -0.00265 -0.05678 -0.05860 -0.00196 -0.01788 -0.02351 0.00151 0.00856 -0.04204 0.00060 0.02900 -0.05196 -0.01252 0.04305 -0.06557 -0.03989 -0.00031 -0.00554 0.00582 0.03358 -0.03107 -0.00241 0.05090 -0.04525 -0.02671 0.07111 -0.06402 -0.04576 0.01359 0.01354 -0.00218 0.03544 -0.00404 -0.00791 0.05336 -0.02224 -0.02328 0.07181 -0.03724 -0.03920 0.00822 0.03417 -0.00717 0.03090 0.02553 -0.00655 0.04229 0.00875 -0.01671 0.05550 -0.00615 -0.03382
# Open_fist.jpg: File:Open fist.jpg · Cedar Tree · CC BY-SA 4.0 · https://commons.wikimedia.org/wiki/File:Open_fist.jpg
Open_fist 960 1280 0.56302 0.63351 -0.00000 0.42619 0.55903 -0.05997 0.34034 0.46113 -0.08447 0.30723 0.35803 -0.10064 0.31151 0.28720 -0.09651 0.42072 0.36269 -0.03147 0.39593 0.31602 -0.08179 0.41359 0.40437 -0.09478 0.43403 0.41314 -0.10073 0.51475 0.37322 -0.01763 0.48119 0.32327 -0.07333 0.48076 0.42445 -0.06945 0.49533 0.41820 -0.05842 0.59902 0.39578 -0.01368 0.56654 0.34626 -0.06238 0.54664 0.43753 -0.01910 0.56267 0.44188 0.01701 0.66344 0.42248 -0.01593 0.63960 0.39348 -0.03529 0.60662 0.44898 -0.00372 0.61978 0.45619 0.02326 0.00281 0.08696 0.02505 -0.02386 0.06333 0.00466 -0.03812 0.03652 -0.00008 -0.05381 -0.00049 -0.00392 -0.05567 -0.03221 -0.00253 -0.03014 -0.00310 0.00237 -0.02844 -0.01028 -0.02381 -0.02786 0.00094 -0.02716 -0.02555 0.01202 -0.00395 -0.00634 -0.00457 0.00509 -0.00778 -0.01512 -0.02923 -0.01400 0.00817 -0.03757 -0.00599 0.00894 -0.00410 0.01949 0.00089 0.00004 0.01221 -0.00542 -0.02776 0.00610 0.01583 -0.03267 0.01662 0.01966 -0.00835 0.03052 0.01799 -0.00454 0.02797 0.00768 -0.02667 0.01969 0.02277 -0.03856 0.02542 0.03132 -0.02561
# Pedja_Pavlovic_Badza_pointing_finger.jpg: File:Pedja Pavlovic Badza pointing finger.jpg · Vojin Lazić (Copyright held by Pedja Pavlović) · CC BY-SA 4.0 · https://commons.wikimedia.org/wiki/File:Pedja_Pavlovic_Badza_pointing_finger.jpg
Pedja_Pavlovic_Badza_pointing_ 960 1440 0.47681 0.39742 -0.00000 0.51537 0.39126 -0.05468 0.54268 0.38280 -0.08726 0.52756 0.39952 -0.10847 0.49639 0.41755 -0.12674 0.50126 0.33980 -0.09578 0.50588 0.33846 -0.13694 0.50375 0.33259 -0.15552 0.49408 0.32370 -0.16582 0.44817 0.33981 -0.08223 0.45786 0.39444 -0.11385 0.48830 0.41085 -0.11241 0.50083 0.40093 -0.11119 0.41418 0.35425 -0.07261 0.43064 0.40898 -0.10430 0.46789 0.41661 -0.09401 0.48631 0.40504 -0.08542 0.39217 0.37403 -0.06773 0.40529 0.41217 -0.09655 0.43919 0.42066 -0.09390 0.46200 0.41691 -0.08742 0.00682 0.03816 0.09049 0.03667 0.03504 0.05274 0.03918 0.03091 0.02439 0.03849 0.03828 -0.00188 0.00680 0.04570 -0.02541 0.00500 -0.00366 -0.00601 0.01445 -0.00883 -0.04691 0.02143 -0.01403 -0.04636 0.00236 -0.01851 -0.05187 -0.00127 -0.00274 0.00098 -0.00717 0.00995 -0.02250 -0.00199 0.02989 -0.01549 0.00104 0.01506 0.02329 -0.01347 -0.00033 0.00413 -0.01759 0.01890 -0.00855 -0.00103 0.03579 0.00404 0.00427 0.01995 0.03596 -0.02117 0.01200 0.01792 -0.02238 0.02737 0.00653 -0.02039 0.03031 0.02054 -0.00407 0.03597 0.04030
# Right_Hand_Palm.jpg: File:Right Hand Palm.png · Eyefive45 · CC BY-SA 4.0 · https://commons.wikimedia.org/wiki/File:Right_Hand_Palm.png
Right_Hand_Palm 960 1508 0.41586 0.96504 0.00000 0.70155 0.88600 -0.16869 0.83164 0.72512 -0.23393 0.83823 0.58177 -0.28935 0.88642 0.45468 -0.34772 0.65592 0.50935 -0.08989 0.64325 0.32526 -0.18264 0.63671 0.21673 -0.27599 0.61678 0.12383 -0.34977 0.49023 0.51238 -0.08987 0.48715 0.29750 -0.17291 0.48804 0.16211 -0.27497 0.47597 0.05284 -0.36178 0.34010 0.54501 -0.11900 0.34077 0.34328 -0.22552 0.34241 0.21927 -0.33265 0.34715 0.11347 -0.41191 0.19602 0.59291 -0.16478 0.18962 0.43628 -0.27574 0.19658 0.34007 -0.36123 0.22099 0.24916 -0.42960 -0.00623 0.09999 0.00478 0.02469 0.07166 -0.00273 0.04443 0.04796 -0.01386 0.04911 0.01586 -0.02797 0.05040 -0.00999 -0.03808 0.02603 -0.00366 0.00853 0.02613 -0.03415 0.00399 0.02587 -0.05947 -0.00086 0.02265 -0.07596 -0.01835 -0.00002 -0.00573 0.00855 0.00467 -0.04560 0.00481 0.00410 -0.07190 -0.00685 0.00897 -0.09712 -0.02100 -0.01601 -0.00046 -0.00469 -0.01521 -0.03452 -0.00998 -0.01179 -0.05769 -0.01965 -0.00775 -0.07954 -0.03387 -0.03495 0.01513 -0.01766 -0.03344 -0.01265 -0.01775 -0.02965 -0.03701 -0.02400 -0.02568 -0.05596 -0.03519
