# Puntos de manos reales: salida del modelo hand_landmarker.task (MediaPipe) sobre las fotos de prueba
# públicas de MediaPipe (storage.googleapis.com/mediapipe-assets/<nombre>.jpg). Una mano por línea:
# nombre ancho alto  21×(x y z) normalizados de la imagen  21×(x y z) en metros
thumb_up 382 406 0.63875 0.67134 -0.00000 0.63489 0.53670 -0.06969 0.57467 0.41284 -0.09383 0.49968 0.32551 -0.10799 0.47363 0.25102 -0.10591 0.40750 0.47130 -0.04695 0.33721 0.46742 -0.09974 0.44184 0.50960 -0.11121 0.48057 0.51877 -0.11022 0.39219 0.54952 -0.02893 0.34047 0.55610 -0.08214 0.46152 0.58311 -0.08393 0.47059 0.56414 -0.07886 0.39238 0.61864 -0.02203 0.34304 0.62800 -0.08132 0.45004 0.64301 -0.06211 0.46400 0.62216 -0.03895 0.39232 0.68188 -0.02017 0.35786 0.69858 -0.05225 0.42699 0.69892 -0.03765 0.44423 0.68762 -0.02035 0.06754 0.03105 0.05542 0.06328 -0.00391 0.02125 0.05470 -0.03867 0.01118 0.03557 -0.06866 0.00296 0.01907 -0.08740 0.00722 0.00449 -0.02773 -0.00424 -0.00312 -0.02417 -0.03393 0.00802 -0.01894 -0.03262 0.02554 -0.01452 -0.00440 -0.00447 -0.00402 0.00250 -0.01085 -0.00318 -0.03628 0.01673 0.00289 -0.03627 0.01993 -0.00324 0.00438 -0.00569 0.01710 0.00368 -0.01052 0.01736 -0.02883 0.01450 0.01942 -0.02621 0.02112 0.01433 0.00115 0.00114 0.04365 0.00684 -0.01039 0.03905 -0.01568 0.00696 0.03614 -0.02870 0.01279 0.03931 -0.01247
pointing_up 358 376 0.47924 0.74261 0.00000 0.54037 0.66179 -0.04458 0.57745 0.56084 -0.07583 0.52649 0.50248 -0.10549 0.44291 0.49489 -0.13426 0.47289 0.43925 -0.05813 0.48032 0.32890 -0.10120 0.48437 0.25877 -0.12843 0.47388 0.19593 -0.15087 0.39129 0.47211 -0.06837 0.41799 0.42219 -0.12956 0.45759 0.52325 -0.14133 0.45101 0.55540 -0.13885 0.33134 0.51777 -0.08228 0.35698 0.48689 -0.14714 0.40754 0.57370 -0.12982 0.40011 0.59306 -0.10555 0.27834 0.57356 -0.09973 0.30883 0.53946 -0.14034 0.35469 0.59180 -0.11822 0.34864 0.61057 -0.09510 0.01692 0.08634 0.03578 0.04193 0.05667 0.01945 0.05038 0.03179 0.00234 0.04329 0.00898 -0.02497 0.01601 0.00499 -0.03688 0.02451 -0.01350 0.00413 0.02478 -0.04133 -0.00288 0.02592 -0.06191 -0.01024 0.02310 -0.07968 -0.03153 0.00066 -0.00602 0.00491 0.00771 -0.01704 -0.02970 0.01752 0.00900 -0.03693 0.01451 0.01746 -0.01129 -0.01810 0.00611 -0.00272 -0.01021 0.00528 -0.03466 0.00438 0.02838 -0.03297 0.00388 0.03605 -0.00746 -0.03179 0.02985 -0.00887 -0.02403 0.02150 -0.02762 -0.00853 0.03189 -0.03237 -0.01287 0.03869 -0.01717
pointing_up_rotated 376 358 0.25020 0.47871 0.00000 0.33208 0.53990 -0.03557 0.43513 0.57706 -0.06069 0.49622 0.52828 -0.08596 0.49403 0.44350 -0.11054 0.55141 0.47420 -0.04677 0.66698 0.48077 -0.08338 0.73455 0.48477 -0.10611 0.79774 0.47561 -0.12651 0.52244 0.39622 -0.05950 0.57273 0.41727 -0.11508 0.47337 0.45768 -0.12549 0.44058 0.45421 -0.12400 0.47799 0.33734 -0.07521 0.50832 0.35896 -0.13436 0.42290 0.40758 -0.11842 0.40227 0.40057 -0.09706 0.42316 0.28321 -0.09391 0.45272 0.30890 -0.13042 0.40271 0.35264 -0.11105 0.38602 0.34859 -0.09169 -0.08451 0.01538 0.03865 -0.05576 0.03985 0.02188 -0.02972 0.04985 0.00651 -0.00661 0.04291 -0.02194 -0.00461 0.01554 -0.03163 0.01244 0.02437 0.00493 0.04121 0.02458 -0.00148 0.06368 0.02488 -0.00788 0.08010 0.02364 -0.02846 0.00589 0.00034 0.00474 0.01741 0.00626 -0.02949 -0.00757 0.01717 -0.03641 -0.01664 0.01644 -0.01245 -0.00671 -0.01714 -0.00291 -0.00401 -0.00999 -0.03463 -0.02685 0.00479 -0.03204 -0.03426 0.00388 -0.00738 -0.02915 -0.03048 -0.00952 -0.02068 -0.02556 -0.02726 -0.03143 -0.00950 -0.03268 -0.03745 -0.01244 -0.01824
fist 358 354 0.47710 0.66129 -0.00000 0.61260 0.55782 -0.04139 0.71123 0.43166 -0.06454 0.68364 0.31996 -0.08753 0.55933 0.32065 -0.09881 0.60829 0.30687 -0.01480 0.62941 0.21414 -0.06007 0.62444 0.32873 -0.08327 0.60784 0.36848 -0.09659 0.51565 0.32195 -0.02170 0.52931 0.24768 -0.06257 0.54848 0.38053 -0.07029 0.54428 0.38811 -0.07458 0.43160 0.34918 -0.03748 0.44861 0.27649 -0.08175 0.47723 0.39650 -0.06497 0.46794 0.40830 -0.04897 0.34826 0.37813 -0.05744 0.38618 0.32820 -0.07283 0.41144 0.39734 -0.04763 0.39402 0.41149 -0.02964 -0.00860 0.08166 0.00614 0.02730 0.06191 -0.00872 0.04990 0.03536 -0.01668 0.05030 0.00520 -0.02893 0.01564 -0.00632 -0.03175 0.02916 -0.00246 0.00116 0.03449 -0.01758 -0.02078 0.03402 -0.00592 -0.02574 0.02867 0.01114 -0.00943 0.00154 -0.00478 0.00565 0.01049 -0.01968 -0.02703 0.01321 0.00714 -0.03480 0.01400 0.01167 -0.00400 -0.01992 -0.00069 -0.00033 -0.01088 -0.00850 -0.02873 -0.00533 0.01275 -0.03415 -0.00270 0.02167 -0.01167 -0.03881 0.01193 -0.00763 -0.03084 0.00110 -0.02270 -0.01830 0.01393 -0.03282 -0.02418 0.02246 -0.02357
victory 342 362 0.51643 0.80409 0.00000 0.60636 0.71114 -0.04409 0.62802 0.58850 -0.06236 0.52653 0.52083 -0.08527 0.42434 0.49935 -0.10777 0.56057 0.44897 -0.01615 0.57666 0.32260 -0.04934 0.57958 0.24181 -0.07324 0.58275 0.16940 -0.09069 0.46962 0.45996 -0.03217 0.44362 0.31690 -0.07570 0.42696 0.22273 -0.10820 0.40697 0.14280 -0.12667 0.39544 0.50612 -0.05514 0.36180 0.43883 -0.12981 0.41544 0.52675 -0.14630 0.44916 0.59442 -0.13471 0.33178 0.57318 -0.08103 0.30921 0.50400 -0.13258 0.35577 0.55765 -0.12715 0.39344 0.61187 -0.11102 0.01300 0.09162 0.01119 0.03726 0.06381 -0.01001 0.03975 0.03713 -0.02906 0.01880 0.01243 -0.04874 -0.01286 0.00102 -0.04451 0.02566 -0.00803 -0.00583 0.02802 -0.03812 -0.01038 0.03007 -0.05991 -0.01457 0.02728 -0.07804 -0.03269 0.00133 -0.00504 0.00557 -0.00238 -0.04461 -0.00382 -0.00924 -0.06628 -0.02161 -0.00925 -0.08934 -0.03740 -0.01751 0.00371 0.00475 -0.02196 -0.01001 -0.02372 -0.01285 0.00835 -0.03772 -0.00019 0.02682 -0.03733 -0.03486 0.02232 -0.00028 -0.03590 0.01066 -0.01733 -0.02359 0.01867 -0.02840 -0.01370 0.03346 -0.02596
right_hands 720 382 0.80956 0.92451 0.00000 0.71030 0.88146 -0.02816 0.64052 0.75827 -0.05005 0.59429 0.62132 -0.06690 0.54764 0.53513 -0.08567 0.69446 0.57146 -0.06622 0.66668 0.36973 -0.09375 0.65189 0.24201 -0.10895 0.64380 0.13481 -0.11936 0.75431 0.54531 -0.06640 0.74563 0.31772 -0.09251 0.74078 0.16935 -0.10781 0.73776 0.05421 -0.11914 0.80907 0.55764 -0.06683 0.81757 0.34906 -0.09533 0.82355 0.20784 -0.11730 0.82601 0.10218 -0.13097 0.85737 0.58884 -0.06726 0.88020 0.42575 -0.09337 0.89396 0.32388 -0.10944 0.90520 0.23702 -0.11937 0.01285 0.06061 0.03970 -0.01336 0.04397 0.03100 -0.02444 0.02643 0.02801 -0.04042 0.00429 0.01910 -0.06242 -0.00885 0.00972 -0.01397 0.00005 -0.00045 -0.02161 -0.01980 -0.00410 -0.02909 -0.03994 0.00044 -0.03744 -0.06261 0.00878 -0.00216 -0.00141 -0.00093 -0.00305 -0.02931 -0.00297 -0.00755 -0.05654 -0.00179 -0.01653 -0.08559 0.00703 0.00710 -0.00163 -0.00114 0.01051 -0.01988 -0.00048 0.01407 -0.04907 0.00065 0.01193 -0.07223 0.00699 0.01353 0.00874 0.00984 0.02617 -0.00875 0.00879 0.03305 -0.03179 0.00712 0.03313 -0.04851 0.01083
right_hands 720 382 0.19057 0.07234 0.00000 0.28874 0.11703 -0.02904 0.35838 0.23778 -0.05269 0.40495 0.37491 -0.07027 0.45156 0.46364 -0.08930 0.30138 0.42298 -0.07326 0.33133 0.62960 -0.10234 0.34808 0.75520 -0.11694 0.35762 0.85970 -0.12612 0.24176 0.44626 -0.07230 0.25164 0.68111 -0.10180 0.25815 0.83077 -0.11648 0.26212 0.94609 -0.12641 0.18833 0.43533 -0.07096 0.17940 0.64645 -0.10040 0.17422 0.78493 -0.11944 0.17230 0.88614 -0.13027 0.14117 0.40723 -0.06961 0.12036 0.57402 -0.09430 0.10726 0.67581 -0.10738 0.09604 0.76137 -0.11471 -0.01223 -0.05744 0.04275 0.01318 -0.03989 0.03414 0.02448 -0.02284 0.02848 0.03901 -0.00389 0.02006 0.05971 0.00744 0.00754 0.01397 0.00102 -0.00236 0.02237 0.01837 -0.00565 0.02918 0.03821 0.00045 0.03890 0.05907 0.01102 0.00183 0.00126 -0.00143 0.00259 0.02585 -0.00365 0.00835 0.05460 0.00032 0.01682 0.08195 0.01285 -0.00777 0.00108 0.00056 -0.01047 0.01790 0.00206 -0.01404 0.04638 0.00599 -0.01233 0.06930 0.01343 -0.01246 -0.00751 0.01322 -0.02452 0.00930 0.01291 -0.03015 0.03025 0.01479 -0.03041 0.04688 0.01868
left_hands 720 382 0.81919 0.06791 0.00000 0.71860 0.11980 -0.02040 0.64252 0.22562 -0.02941 0.59297 0.37015 -0.03212 0.55030 0.45877 -0.03673 0.69695 0.42628 -0.04764 0.66280 0.63488 -0.05931 0.64752 0.76187 -0.06589 0.63596 0.86787 -0.07306 0.75698 0.45080 -0.04459 0.74767 0.68434 -0.06632 0.74513 0.82802 -0.08613 0.74667 0.93291 -0.10209 0.81092 0.44168 -0.03883 0.82240 0.65202 -0.06273 0.82846 0.78645 -0.08402 0.83642 0.88904 -0.09826 0.85771 0.41377 -0.03200 0.87920 0.58000 -0.05630 0.89612 0.68184 -0.07169 0.90559 0.77503 -0.08026 0.01030 -0.04300 0.03176 -0.00703 -0.02315 0.02542 -0.02100 -0.00983 0.02167 -0.03202 -0.00585 0.01828 -0.04806 0.00528 0.00905 0.00129 0.01111 -0.00223 -0.00493 0.01083 -0.00351 -0.01567 0.02981 0.00406 -0.02018 0.05177 0.00765 0.00188 0.00235 -0.00089 0.00329 0.01155 0.00144 0.00559 0.04417 0.00597 -0.00105 0.06868 0.01894 -0.00162 -0.00564 0.00007 0.00993 0.00472 0.00360 0.01801 0.03170 0.00780 0.01549 0.05610 0.01263 0.00527 -0.01306 0.00902 0.01612 0.00020 0.00990 0.02729 0.02221 0.00998 0.02947 0.04022 0.00792
left_hands 720 382 0.17383 0.93056 0.00000 0.27718 0.87251 -0.02147 0.35407 0.76810 -0.03180 0.40727 0.62958 -0.03458 0.45100 0.53622 -0.03920 0.29969 0.56805 -0.05153 0.33694 0.36694 -0.06449 0.35148 0.23876 -0.07315 0.36209 0.13138 -0.08157 0.24004 0.54720 -0.04666 0.24926 0.31567 -0.07554 0.25425 0.17219 -0.10226 0.25488 0.06447 -0.12253 0.18627 0.56006 -0.03741 0.17806 0.35222 -0.06442 0.17648 0.22350 -0.08502 0.17124 0.12684 -0.09784 0.13881 0.59042 -0.02671 0.12055 0.42642 -0.04774 0.10919 0.32995 -0.05826 0.10265 0.24146 -0.06338 -0.01370 0.04304 0.03123 0.00530 0.02344 0.02552 0.02051 0.01057 0.02073 0.03318 0.00731 0.01814 0.05024 -0.00552 0.00547 -0.00065 -0.01192 -0.00039 0.00664 -0.01101 -0.00191 0.01650 -0.02955 0.00437 0.02326 -0.05149 0.00561 -0.00244 -0.00234 -0.00081 -0.00294 -0.01114 -0.00052 -0.00307 -0.04237 0.00361 0.00366 -0.06802 0.01616 0.00100 0.00541 -0.00076 -0.00821 -0.00347 0.00198 -0.01384 -0.02855 0.00785 -0.01087 -0.05227 0.01145 -0.00664 0.01299 0.00761 -0.01553 0.00141 0.00843 -0.02262 -0.01991 0.01113 -0.02579 -0.03804 0.01212
woman_hands 640 960 0.39292 0.70661 -0.00000 0.34312 0.75045 -0.01982 0.27090 0.77373 -0.02737 0.20808 0.77967 -0.03695 0.15705 0.78298 -0.04581 0.20209 0.72797 0.00485 0.13295 0.74313 -0.01851 0.09458 0.75875 -0.04270 0.06427 0.77473 -0.05866 0.19264 0.70076 -0.00004 0.11083 0.70783 -0.01820 0.05871 0.72052 -0.03834 0.01764 0.73617 -0.05304 0.19935 0.67703 -0.01082 0.12270 0.67600 -0.02879 0.07378 0.68573 -0.04535 0.03344 0.69932 -0.05584 0.22133 0.65458 -0.02450 0.16081 0.64636 -0.03690 0.12068 0.64792 -0.04521 0.08356 0.65504 -0.05129 0.08695 0.01413 -0.03095 0.06220 0.03361 -0.02482 0.03929 0.04240 -0.01513 0.00451 0.05077 -0.00068 -0.02518 0.05264 0.01577 0.00113 0.02239 0.01361 -0.02723 0.02690 0.00694 -0.04652 0.03652 -0.00367 -0.05694 0.05201 -0.02902 -0.00361 0.00305 0.00861 -0.03894 0.00184 0.00234 -0.06441 0.01480 -0.01701 -0.08344 0.02436 -0.03257 -0.00192 -0.01717 -0.00814 -0.03085 -0.01645 -0.01333 -0.05402 -0.00847 -0.02697 -0.07266 0.00047 -0.04309 0.00752 -0.02272 -0.02395 -0.01301 -0.03088 -0.02350 -0.03375 -0.03560 -0.03053 -0.05189 -0.02724 -0.04191
woman_hands 640 960 0.46626 0.40014 0.00000 0.51907 0.44123 -0.02016 0.58206 0.46174 -0.02123 0.64390 0.45655 -0.02270 0.66679 0.43281 -0.02488 0.62540 0.43012 0.01509 0.67513 0.42834 0.00396 0.70188 0.42428 -0.01358 0.72485 0.42013 -0.02783 0.62128 0.40399 0.01312 0.67266 0.39837 0.00236 0.70588 0.39450 -0.02020 0.73206 0.38989 -0.03838 0.60414 0.37994 0.00636 0.65067 0.37141 -0.00823 0.67787 0.36894 -0.02828 0.69801 0.36727 -0.04216 0.57784 0.35541 -0.00281 0.61660 0.34632 -0.01584 0.64179 0.34440 -0.02678 0.66293 0.34516 -0.03541 -0.08259 0.00340 -0.02568 -0.05562 0.03112 -0.02762 -0.02192 0.04992 -0.02641 0.01476 0.04836 -0.02249 0.03606 0.02796 -0.01268 0.00975 0.02721 0.00305 0.03443 0.02645 -0.00419 0.05152 0.02576 -0.01120 0.05960 0.02129 -0.03916 0.00522 0.00177 0.00854 0.03833 0.00234 -0.00026 0.05832 0.00071 -0.01961 0.07156 0.00182 -0.04101 -0.00386 -0.02037 -0.00240 0.02671 -0.02014 -0.00922 0.04175 -0.01904 -0.02606 0.05294 -0.01686 -0.04257 -0.01847 -0.03746 -0.01058 0.00300 -0.04196 -0.01302 0.02288 -0.04301 -0.02103 0.03646 -0.03904 -0.03001
